,CENTRALWAVELNG,BANDWIDTH,PL_TRANDEP,PL_TRANDEPERR1
0,0.60638,0.00641,0.0195308,0.00038848409999999996
1,0.61278,0.00648,0.0192717,0.00038848409999999996
2,0.61926,0.00655,0.0195172,0.00032364009999999996
3,0.62581,0.00661,0.0194241,0.0002283121
4,0.63242,0.00668,0.0192803,0.0001846881
5,0.63911,0.00675,0.0190856,0.00015750250000000002
6,0.64586,0.00683,0.019083000000000003,0.00013271040000000002
7,0.65269,0.0069,0.0191903,0.0001087849
8,0.65959,0.00697,0.0194168,9.66289e-05
9,0.66656,0.00705,0.019012,8.172159999999999e-05
10,0.6736,0.00712,0.0192219,6.512490000000002e-05
11,0.68072,0.00712,0.0190683,5.99076e-05
12,0.71023,0.00754,0.019145000000000002,4.569760000000001e-05
13,0.71777,0.00762,0.019072199999999997,4.569760000000001e-05
14,0.72538,0.0077,0.019170799999999998,4.61041e-05
15,0.73308,0.00778,0.0191672,4.369210000000001e-05
16,0.74085,0.00786,0.0188041,4.38244e-05
17,0.74871,0.00794,0.0191776,4.395689999999999e-05
18,0.75666,0.00803,0.0188467,4.6785599999999995e-05
19,0.76469,0.00811,0.0189629,4.8302499999999994e-05
20,0.7728,0.0082,0.0190387,4.97025e-05
21,0.781,0.00829,0.0189274,5.05521e-05
22,0.78928,0.00837,0.0190996,5.55025e-05
23,0.79766,0.00846,0.0190028,5.74564e-05
24,0.80612,0.00855,0.01897,6.560999999999999e-05
25,0.81467,0.00864,0.0189687,7.089640000000001e-05
26,0.82332,0.00874,0.018938999999999998,7.499559999999998e-05
27,0.83205,0.00883,0.0188456,8.482409999999999e-05
28,0.84088,0.00883,0.019271,8.98704e-05
29,0.85624,0.0115,0.0191254,0.0001121481
30,0.89641,0.00913,0.0190059,4.74721e-05
31,0.90554,0.00923,0.018874500000000002,4.74721e-05
32,0.91477,0.00932,0.0190179,4.369210000000001e-05
33,0.92409,0.00942,0.0189248,3.94384e-05
34,0.9335,0.00951,0.019025300000000002,3.88129e-05
35,0.94302,0.00961,0.0188588,3.75769e-05
36,0.95263,0.00971,0.0189784,3.79456e-05
37,0.96233,0.00981,0.018944000000000003,3.37561e-05
38,0.97214,0.00991,0.0188589,3.35241e-05
39,0.98204,0.01001,0.018823,3.2604099999999995e-05
40,0.99205,0.01011,0.0189522,3.21489e-05
41,1.00216,0.01021,0.019047400000000003,3.10249e-05
42,1.01237,0.01032,0.0188973,2.8622499999999996e-05
43,1.02268,0.01042,0.018948,2.704e-05
44,1.0331,0.01053,0.0189532,2.5100099999999997e-05
45,1.04363,0.01063,0.0188771,2.6419599999999997e-05
46,1.05426,0.01074,0.0189166,2.4700899999999996e-05
47,1.06501,0.01085,0.0189485,2.31361e-05
48,1.07586,0.01096,0.0189928,2.39121e-05
49,1.08682,0.01107,0.019240900000000002,2.42064e-05
50,1.09789,0.01119,0.018957599999999998,2.31361e-05
51,1.10908,0.0113,0.018936599999999998,2.2848400000000003e-05
52,1.12038,0.01142,0.0190566,2.13444e-05
53,1.1318,0.01153,0.019091499999999997,2.13444e-05
54,1.14333,0.01165,0.0189097,2.0430399999999997e-05
55,1.15498,0.01177,0.0189905,1.96249e-05
56,1.16675,0.01189,0.018942399999999998,2.0070399999999997e-05
57,1.17864,0.01201,0.0190282,1.99809e-05
58,1.19065,0.01213,0.0188082,1.95364e-05
59,1.20278,0.01226,0.0188992,1.936e-05
60,1.21503,0.01238,0.018775200000000002,2.0430399999999997e-05
61,1.22741,0.01251,0.0189404,2.0249999999999998e-05
62,1.23992,0.01263,0.0188521,1.99809e-05
63,1.25255,0.01276,0.0188457,1.8748899999999996e-05
64,1.26532,0.01289,0.0188031,1.7724100000000002e-05
65,1.27821,0.01302,0.0187256,1.8062500000000002e-05
66,1.29123,0.01316,0.0187683,1.8748899999999996e-05
67,1.30439,0.01329,0.0189713,1.8748899999999996e-05
68,1.31768,0.01343,0.018908499999999998,1.9272099999999998e-05
69,1.33111,0.01356,0.0189104,1.936e-05
70,1.34467,0.0137,0.018963,1.96249e-05
71,1.35837,0.01384,0.0191374,2.07025e-05
72,1.37221,0.01398,0.0190961,2.0340100000000002e-05
73,1.38619,0.01412,0.0190952,2.07025e-05
74,1.40032,0.01427,0.0189841,2.1622499999999995e-05
75,1.41459,0.01441,0.0188884,2.15296e-05
76,1.429,0.01456,0.0189594,2.0520900000000002e-05
77,1.44356,0.01471,0.018844,2.1996099999999998e-05
78,1.45827,0.01486,0.018935900000000002,2.1808899999999997e-05
79,1.47313,0.01501,0.0187755,2.13444e-05
80,1.48814,0.01516,0.0189568,2.2657600000000005e-05
81,1.5033,0.01532,0.0188192,2.3425599999999998e-05
82,1.51862,0.01547,0.018843000000000002,2.46016e-05
83,1.53409,0.01563,0.018750100000000002,2.35225e-05
84,1.54972,0.01579,0.0186434,2.46016e-05
85,1.56551,0.01595,0.0187874,2.4108100000000004e-05
86,1.58147,0.01611,0.0186826,2.6419599999999997e-05
87,1.59758,0.01628,0.0186978,2.8729600000000004e-05
88,1.61386,0.01644,0.018612,2.8622499999999996e-05
89,1.6303,0.01661,0.0186168,2.9160000000000002e-05
90,1.64691,0.01678,0.0187651,2.7248399999999998e-05
91,1.66369,0.01695,0.0186415,2.9593600000000004e-05
92,1.68065,0.01712,0.0187985,2.92681e-05
93,1.69777,0.0173,0.0187307,3.1136399999999996e-05
94,1.71507,0.01748,0.018674200000000002,3.2262400000000005e-05
95,1.73255,0.01765,0.018570899999999998,3.12481e-05
96,1.7502,0.01783,0.0187849,3.29476e-05
97,1.76803,0.01801,0.0187439,3.52836e-05
98,1.78605,0.0182,0.0186859,4.00689e-05
99,1.80425,0.01838,0.0187839,3.86884e-05
100,1.82263,0.01857,0.0187907,3.91876e-05
101,1.8412,0.01876,0.0187814,4.2902500000000005e-05
102,1.85996,0.01895,0.0189088,4.4488899999999993e-05
103,1.87891,0.01914,0.0189102,4.42225e-05
104,1.89806,0.01934,0.0187315,4.761e-05
105,1.9174,0.01954,0.0190532,4.802490000000001e-05
106,1.93693,0.01954,0.0191165,5.5651599999999994e-05
107,2.03455,0.02106,0.0187517,6.69124e-05
108,2.05561,0.02128,0.0187311,6.69124e-05
109,2.07688,0.0215,0.0188371,6.49636e-05
110,2.09838,0.02172,0.0185677,6.82276e-05
111,2.12009,0.02194,0.0187684,7.20801e-05
112,2.14204,0.02217,0.0187213,7.430439999999999e-05
113,2.16421,0.0224,0.0185147,7.430439999999999e-05
114,2.18661,0.02263,0.0188427,7.84996e-05
115,2.20924,0.02287,0.0188037,8.046090000000001e-05
116,2.2321,0.0231,0.0188071,8.574759999999998e-05
117,2.2552,0.02334,0.0185549,8.574759999999998e-05
118,2.27854,0.02358,0.0188379,8.817210000000002e-05
119,2.30213,0.02383,0.0186761,9.27369e-05
120,2.32595,0.02407,0.0192081,0.0001
121,2.35003,0.02432,0.018924399999999997,0.0001071225
122,2.37435,0.02457,0.0188797,0.0001142761
123,2.39892,0.02483,0.0186805,0.00011491840000000001
124,2.42375,0.02509,0.018697699999999998,0.0001214404
125,2.44884,0.02535,0.0189554,0.0001274641
126,2.47418,0.02561,0.0189764,0.0001359556
127,2.49979,0.02587,0.019462,0.00013947609999999998
128,2.52566,0.02614,0.019159600000000002,0.0001510441
129,2.5518,0.02641,0.0192986,0.00015376
130,2.57821,0.02668,0.019166700000000002,0.0001658944
131,2.6049,0.02696,0.018963,0.0001635841
132,2.63186,0.02724,0.0195758,0.0001776889
133,2.6591,0.02752,0.0191791,0.00017795559999999997
134,2.68662,0.02781,0.019424,0.00018279040000000003
135,2.71443,0.02809,0.0198366,0.0001951609
136,2.74252,0.02838,0.019212800000000002,0.00021874409999999997
137,2.7709,0.02868,0.0191446,0.00022260639999999998
138,2.79958,0.02868,0.0196945,0.00026536409999999996
